<?xml version="1.0" encoding="UTF-8" standalone="no"?>
<!-- Created with Inkscape (http://www.inkscape.org/) -->

<svg
   width="210mm"
   height="297mm"
   viewBox="0 0 210 297"
   version="1.1"
   id="svg5"
   xmlns="http://www.w3.org/2000/svg"
   xmlns:svg="http://www.w3.org/2000/svg">
  <defs
     id="defs2" />
  <g
     id="layer1">
    <circle
       id="path191"
       style="fill:#000000;stroke:#ffffff;stroke-width:0.264583"
       cx="65.689407"
       cy="90.847054"
       r="0" />
    <path
       style="fill:#ffffff;stroke:#ffffff;stroke-width:0"
       id="path205"
       d="m 34.537647,-8.9202399 c -0.18455,10.9692288 0.09313,21.9140759 0.938636,32.8509339 0.713708,6.828356 1.554546,13.770205 4.01034,20.232259 1.087231,2.860884 1.640892,3.651914 3.100318,6.306214 4.623181,7.484031 9.147289,15.018795 13.93376,22.401847 5.833991,8.737402 12.937006,16.508121 19.968895,24.277733 4.823719,5.363553 10.191464,10.229723 14.865636,15.729863 2.99526,3.52455 4.166944,5.26628 6.885479,8.98201 6.871559,9.71305 12.222609,20.36504 17.628219,30.93062 3.65491,7.20811 6.86259,14.67347 8.94583,22.49842 0.35291,1.32556 0.63122,2.66987 0.94682,4.00481 1.38119,8.22945 2.06845,16.5579 2.58482,24.88035 0.44524,7.16421 0.87021,14.32905 1.30247,21.4941 0.28365,4.18509 0.1166,8.37659 -0.0142,12.563 -0.32831,4.56004 -0.72816,9.11457 -1.58558,13.6086 -0.87414,3.14076 -0.73479,6.41894 -1.28318,9.60108 -0.70497,3.10011 -0.89484,6.27643 -1.25856,9.42619 -0.44437,3.18093 -1.43373,6.23158 -2.2512,9.32564 -0.44556,2.42948 -1.01806,4.83576 -1.41931,7.27271 -0.2404,2.95714 -0.42083,5.91986 -0.79762,8.86528 -0.53858,3.51751 -1.34402,6.9686 -1.60068,10.52603 0.0272,2.52923 0.18489,5.00488 -0.0919,7.52417 -0.2221,1.75233 -0.89263,3.39024 -1.16621,5.14035 -0.32632,1.55596 -0.93078,3.02175 -1.29481,4.5697 -0.0685,0.34687 4.83658,1.31625 4.90513,0.9694 v 0 c 0.39315,-1.6483 1.08604,-3.21304 1.3482,-4.8963 0.27477,-1.80647 1.0833,-3.4934 1.18739,-5.33315 0.2718,-2.56895 0.18623,-5.09971 0.10328,-7.67554 0.24447,-3.48112 1.10477,-6.85024 1.58199,-10.29988 0.35856,-2.89269 0.56645,-5.79927 0.778,-8.70442 0.38242,-2.3046 0.92688,-4.58073 1.34857,-6.87864 0.87433,-3.28713 1.89986,-6.53857 2.34592,-9.9237 0.35546,-3.08409 0.54526,-6.19252 1.23539,-9.22809 0.49638,-3.15987 0.44411,-6.38549 1.2685,-9.50157 0.87792,-4.71044 1.32024,-9.47846 1.64496,-14.25664 0.13487,-4.31443 0.30046,-8.63405 0.01,-12.94705 -0.43196,-7.1675 -0.85817,-14.33467 -1.30284,-21.50133 -0.53079,-8.55962 -1.23949,-17.12552 -2.67251,-25.58758 -0.33246,-1.41099 -0.62611,-2.83168 -0.99737,-4.23297 -2.14008,-8.0775 -5.42429,-15.79376 -9.18966,-23.23615 -5.49931,-10.76506 -10.95001,-21.61292 -17.92393,-31.52269 -2.789666,-3.83435 -4.041552,-5.69766 -7.118868,-9.3441 C 90.778173,104.4705 85.409626,99.598381 80.563042,94.249268 73.668553,86.657031 66.703767,79.063479 60.947455,70.546409 56.203947,63.244629 51.734098,55.786064 47.136322,48.394783 45.815202,46.06953 45.288559,45.333208 44.302306,42.81792 41.904658,36.703074 41.167679,30.082826 40.465713,23.605847 39.623195,12.777284 39.35591,1.9406469 39.53764,-8.9202399 c 0,-0.3535532 -5.000001,-0.3535532 -5.000001,0 z" />
  </g>
</svg>
