<?xml version="1.0" encoding="UTF-8" standalone="no"?>
<!-- Created with Inkscape (http://www.inkscape.org/) -->

<svg
   width="210mm"
   height="297mm"
   viewBox="0 0 210 297"
   version="1.1"
   id="svg5"
   xmlns="http://www.w3.org/2000/svg"
   xmlns:svg="http://www.w3.org/2000/svg">
  <defs
     id="defs2" />
  <g
     id="layer1">
    <circle
       id="path191"
       style="fill:#000000;stroke:#ffffff;stroke-width:0.264583"
       cx="65.689407"
       cy="90.847054"
       r="0" />
    <circle
       id="path420"
       style="fill:#000000;stroke:#ffffff;stroke-width:0.264583"
       cx="146.05412"
       cy="-48.218822"
       r="0" />
    <path
       style="fill:#ffffff;stroke:#ffffff;stroke-width:0"
       id="path432"
       d="m 90.039998,-114.21151 c 0,0.74312 0,1.48625 0,2.22938 0,0.9103 0,1.82061 0,2.73092 -0.01797,1.18642 0.02334,2.37163 0.08264,3.5563 0.07233,1.37128 0.220816,2.73642 0.412967,4.09559 0.207942,1.4445 0.509813,2.872358 0.8631,4.287566 0.36625,1.434526 0.822656,2.843419 1.303557,4.242919 0.490075,1.44431 1.070883,2.854378 1.680115,4.251727 0.617469,1.422506 1.314754,2.807719 2.030614,4.182618 0.731417,1.404573 1.515192,2.780329 2.326105,4.140214 0.83801,1.404339 1.710874,2.787089 2.596584,4.161668 0.93782,1.45283 1.89911,2.890181 2.87261,4.31927 0.99026,1.444085 1.98,2.888504 2.97681,4.328086 1.00123,1.425191 1.99559,2.854825 2.95672,4.307429 0.96312,1.456561 1.8442,2.96445 2.7223,4.473022 0.90382,1.54594 1.74786,3.125243 2.56343,4.719125 0.83632,1.64067 1.59919,3.316885 2.33668,5.003797 0.75667,1.738995 1.44804,3.504999 2.10317,5.284396 0.63627,1.739913 1.17795,3.511526 1.68709,5.292068 0.49829,1.72324 0.87533,3.476408 1.21553,5.236488 0.33116,1.698025 0.5218,3.417784 0.67494,5.139518 0.14449,1.695638 0.18323,3.396964 0.189,5.09788 2.7e-4,1.673613 -0.0943,3.344466 -0.21781,5.012801 -0.12762,1.650261 -0.3425,3.291331 -0.58223,4.928443 -0.2329,1.611651 -0.56504,3.2047109 -0.93233,4.7902101 -0.3819,1.5895735 -0.82331,3.163883 -1.314,4.7230889 -0.48631,1.5532329 -1.04121,3.08312422 -1.64481,4.59424875 -0.60398,1.52416895 -1.28313,3.01725095 -2.00294,4.48980185 -0.72509,1.4913422 -1.5202,2.9476422 -2.34059,4.3883376 -0.83307,1.4816898 -1.73148,2.9252758 -2.64953,4.3554178 -0.93636,1.48495 -1.94006,2.925587 -2.93943,4.368357 -1.02215,1.456964 -2.08844,2.882058 -3.15519,4.306433 -1.0925,1.458025 -2.22486,2.885036 -3.35974,4.310091 -1.17079,1.456063 -2.36395,2.893782 -3.553193,4.334735 -1.213266,1.456814 -2.435339,2.906275 -3.667123,4.347469 -1.266499,1.477854 -2.519285,2.967312 -3.780459,4.449704 -1.275945,1.518105 -2.569541,3.021229 -3.840345,4.543653 -1.287632,1.52333 -2.557415,3.061459 -3.82896,4.59818 -1.287036,1.56981 -2.560534,3.15055 -3.802515,4.756277 -1.251251,1.64488 -2.468621,3.315139 -3.654843,5.007433 -1.213699,1.733565 -2.342668,3.523554 -3.437869,5.333592 -1.10727,1.828472 -2.113145,3.714694 -3.084086,5.618157 -0.951011,1.883061 -1.805607,3.811852 -2.617327,5.758281 -0.794523,1.914969 -1.470552,3.874505 -2.105787,5.846968 -0.621763,1.945048 -1.125868,3.923771 -1.584648,5.912607 -0.434388,1.92336 -0.762746,3.867571 -1.061273,5.815862 -0.29945,1.916223 -0.498462,3.845467 -0.671991,5.776478 -0.168905,1.914113 -0.272566,3.833373 -0.3506,5.753103 -0.07967,1.92233 -0.08536,3.84634 -0.0822,5.76995 0.01204,1.98701 0.09933,3.97277 0.205854,5.95666 0.113096,2.01227 0.260636,4.02224 0.43965,6.02966 0.186888,2.06698 0.439309,4.12723 0.71219,6.18437 0.269308,2.08601 0.602681,4.16246 0.970409,6.23311 0.382937,2.1208 0.834366,4.22811 1.308272,6.33015 0.479266,2.10977 1.028848,4.2023 1.602171,6.28814 0.574384,2.08164 1.234549,4.13788 1.943211,6.17726 0.716841,2.04247 1.527599,4.04904 2.393889,6.03211 0.880536,2.02747 1.92309,3.97614 3.022225,5.89175 1.112107,1.91685 2.339512,3.7625 3.606413,5.57952 1.249511,1.7746 2.552595,3.51036 3.875286,5.23079 1.315966,1.70304 2.648858,3.39289 3.97967,5.08432 1.356354,1.73141 2.741088,3.44024 4.117054,5.15602 1.373611,1.71404 2.760506,3.41738 4.141806,5.12522 1.377077,1.70178 2.757215,3.40107 4.148195,5.0915 1.392735,1.69585 2.794764,3.38392 4.212954,5.05853 1.42223,1.67103 2.85206,3.33562 4.28238,4.99973 1.43617,1.65061 2.87254,3.30093 4.28558,4.97144 1.4097,1.6535 2.77555,3.34295 4.12065,5.04914 1.33181,1.67615 2.60763,3.39508 3.84896,5.13894 1.23118,1.7339 2.37836,3.52461 3.49316,5.33482 1.12341,1.83146 2.16295,3.71196 3.17255,5.60792 1.01146,1.89742 1.93346,3.83983 2.82275,5.79683 0.86628,1.91216 1.65412,3.85825 2.37847,5.8282 0.69464,1.90127 1.26583,3.84297 1.77454,5.80111 0.50102,1.90559 0.82017,3.84942 1.06328,5.80247 0.24028,2.04992 0.36795,4.11054 0.4638,6.17153 0.098,2.10743 0.11519,4.21688 0.10033,6.32611 -0.0272,2.13225 -0.11702,4.26283 -0.24371,6.39128 -0.12749,2.13878 -0.367,4.2673 -0.64334,6.39116 -0.29771,2.18557 -0.6676,4.36007 -1.04495,6.53302 -0.36889,2.17088 -0.8176,4.32588 -1.30391,6.47303 -0.49092,2.15807 -1.03365,4.30392 -1.58863,6.44625 -0.55698,2.14215 -1.188,4.26374 -1.81807,6.38519 -0.63863,2.12892 -1.30991,4.24744 -2.00292,6.35921 -0.68029,2.11344 -1.46342,4.1901 -2.29496,6.24795 -0.88392,2.13302 -1.84165,4.23421 -2.83527,6.31801 -1.02645,2.12535 -2.13691,4.20841 -3.28231,6.27158 -1.17985,2.13156 -2.42609,4.22532 -3.6724,6.31838 -1.24838,2.08008 -2.54353,4.13179 -3.8612,6.16855 -1.30207,2.03586 -2.67104,4.02754 -4.03887,6.01943 -1.35896,1.9763 -2.75407,3.92697 -4.15212,5.87568 -1.402038,1.93511 -2.808452,3.86707 -4.247801,5.77466 -1.435457,1.89728 -2.887017,3.78233 -4.32984,5.67402 -1.468099,1.92749 -2.924797,3.86345 -4.361656,5.81438 -1.479482,2.01969 -2.936817,4.05535 -4.384149,6.09814 -1.485286,2.10907 -2.963801,4.22312 -4.424698,6.34921 -1.476047,2.15535 -2.93012,4.32519 -4.348912,6.51864 -1.432575,2.19745 -2.803524,4.43373 -4.141832,6.68952 -1.336543,2.25303 -2.629085,4.53183 -3.902295,6.82114 -1.276151,2.30095 -2.482011,4.63976 -3.687815,6.97804 -1.20255,2.32624 -2.344229,4.68294 -3.456834,7.05329 -1.090308,2.35572 -2.135568,4.7321 -3.172521,7.11171 -1.035764,2.37421 -2.012934,4.77313 -2.964267,7.18222 -0.951513,2.42303 -1.848869,4.86685 -2.700398,7.32668 -0.870773,2.48304 -1.606111,5.00891 -2.298121,7.54653 -0.680868,2.5337 -1.237086,5.09809 -1.746718,7.67093 -0.500087,2.60194 -0.864579,5.22692 -1.190377,7.8555 -0.325085,2.60424 -0.52493,5.22124 -0.700174,7.83905 -0.159541,2.59686 -0.254204,5.19697 -0.320683,7.79764 -0.07099,2.56879 -0.07843,5.13832 -0.05262,7.70774 0.02713,2.61464 0.120465,5.22793 0.236117,7.83995 0.11576,2.63033 0.267671,5.2587 0.434691,7.88619 0.163561,2.60985 0.375378,5.2164 0.579766,7.82328 0.223737,2.68976 0.453456,5.37909 0.695534,8.06726 0.125926,1.37469 0.256289,2.74896 0.386096,4.12329 0.05589,0.7049 10.024602,-0.0855 9.968714,-0.79039 v 0 c -0.128767,-1.36266 -0.258077,-2.72526 -0.383376,-4.08824 -0.240162,-2.65528 -0.465836,-5.31188 -0.68856,-7.96869 -0.201189,-2.56593 -0.410643,-5.13144 -0.572428,-7.70028 -0.164084,-2.57389 -0.313902,-5.14858 -0.427392,-7.72527 -0.112173,-2.51614 -0.203089,-5.03352 -0.229526,-7.55222 -0.02524,-2.46941 -0.01797,-4.93892 0.05068,-7.4077 0.06367,-2.48472 0.154167,-4.96892 0.307152,-7.44992 0.165476,-2.45901 0.353785,-4.91726 0.661951,-7.36322 0.303432,-2.42618 0.640955,-4.84926 1.108397,-7.25009 0.47625,-2.37717 0.994178,-4.74681 1.631392,-7.08678 0.648515,-2.3539 1.341858,-4.69525 2.156285,-6.99797 0.821013,-2.34511 1.681388,-4.6764 2.595613,-6.9869 0.921549,-2.31725 1.868472,-4.62444 2.87006,-6.90843 1.008708,-2.30463 2.021618,-4.60788 3.088272,-6.88642 1.076452,-2.27481 2.181543,-4.53602 3.341738,-6.76947 1.16808,-2.2569 2.337464,-4.51363 3.579331,-6.73116 1.240649,-2.21594 2.497484,-4.42301 3.799882,-6.60336 1.292892,-2.15757 2.618089,-4.29554 3.995706,-6.40027 1.386472,-2.12397 2.803673,-4.22744 4.240366,-6.31778 1.444296,-2.08984 2.897886,-4.17335 4.366646,-6.24607 1.420979,-1.99665 2.84912,-3.98825 4.304048,-5.96037 1.417812,-1.91188 2.85169,-3.81162 4.295356,-5.70405 1.45716,-1.90921 2.92399,-3.81111 4.3652,-5.73246 1.46489,-1.9635 2.90887,-3.94248 4.33971,-5.93095 1.43089,-1.99695 2.84915,-4.00281 4.23858,-6.02891 1.41132,-2.06097 2.81218,-4.12937 4.15505,-6.23588 1.36144,-2.12601 2.70607,-4.26318 3.9947,-6.43432 1.29048,-2.17342 2.5728,-4.35221 3.7891,-6.56834 1.21472,-2.22028 2.39674,-4.45915 3.48153,-6.74637 1.0559,-2.24398 2.07811,-4.50456 3.01005,-6.80326 0.88575,-2.23046 1.71785,-4.4814 2.45147,-6.76706 0.71407,-2.18705 1.40338,-4.38192 2.06189,-6.58641 0.65693,-2.21705 1.30833,-4.43613 1.88527,-6.67564 0.57438,-2.22796 1.13426,-4.45993 1.64077,-6.70444 0.51185,-2.2846 0.98056,-4.57819 1.37284,-6.88668 0.39647,-2.29209 0.782,-4.58645 1.09048,-6.89237 0.29744,-2.31754 0.55163,-4.64053 0.68929,-6.97381 0.1329,-2.27391 0.22868,-4.54999 0.25578,-6.82784 0.0153,-2.25835 -0.004,-4.51693 -0.10775,-6.77334 -0.1053,-2.27501 -0.24681,-4.54942 -0.50943,-6.81245 -0.28357,-2.31199 -0.65184,-4.61436 -1.23313,-6.87261 -0.56741,-2.22284 -1.20109,-4.42858 -1.97756,-6.58865 -0.78242,-2.17284 -1.63612,-4.31934 -2.58012,-6.42749 -0.95135,-2.12029 -1.93557,-4.2263 -3.01841,-6.2833 -1.07969,-2.0545 -2.19131,-4.0927 -3.39163,-6.0798 -1.19815,-1.97572 -2.43083,-3.931 -3.75417,-5.82593 -1.31101,-1.8719 -2.65717,-3.71907 -4.07269,-5.51378 -1.39735,-1.77966 -2.79737,-3.55756 -4.26826,-5.27764 -1.42403,-1.70422 -2.8737,-3.38672 -4.341,-5.05384 -1.41939,-1.64581 -2.83109,-3.29824 -4.24687,-4.94713 -1.39624,-1.64475 -2.7868,-3.29419 -4.15131,-4.96548 -1.37687,-1.66327 -2.73861,-3.33887 -4.09901,-5.01562 -1.36992,-1.69976 -2.748809,-3.39225 -4.119951,-5.09101 -1.357588,-1.70349 -2.736424,-3.38996 -4.083053,-5.10219 -1.314436,-1.66951 -2.630257,-3.33793 -3.936092,-5.01418 -1.256075,-1.62329 -2.50457,-3.25268 -3.69466,-4.9254 -1.146625,-1.60165 -2.253403,-3.2324 -3.265297,-4.92331 -0.965594,-1.63585 -1.892723,-3.29579 -2.663764,-5.03415 -0.794504,-1.77626 -1.53601,-3.57492 -2.189557,-5.40838 -0.659095,-1.85363 -1.266076,-3.7255 -1.797939,-5.61989 -0.542732,-1.95887 -1.066686,-3.92307 -1.521775,-5.90448 -0.449013,-1.97604 -0.87925,-3.95649 -1.243941,-5.95012 -0.349787,-1.94808 -0.669144,-3.90134 -0.9223,-5.86464 -0.259348,-1.93805 -0.50047,-3.87893 -0.678702,-5.82636 -0.172942,-1.90823 -0.312613,-3.81915 -0.421661,-5.73213 -0.100573,-1.83709 -0.182073,-3.67605 -0.195524,-5.51609 -0.0031,-1.80489 7.94e-4,-3.61018 0.07637,-5.41387 0.07278,-1.78178 0.169709,-3.56313 0.327869,-5.339599 0.159242,-1.755617 0.34246,-3.509479 0.61822,-5.251257 0.26956,-1.738805 0.565689,-3.474051 0.960114,-5.189609 0.411412,-1.754455 0.864651,-3.499416 1.422681,-5.213771 0.571407,-1.745506 1.181846,-3.478461 1.897417,-5.170971 0.739934,-1.743464 1.518552,-3.470929 2.385798,-5.155396 0.890254,-1.716019 1.81456,-3.414707 2.828943,-5.061246 1.01146,-1.642224 2.054731,-3.265109 3.173831,-4.836628 1.122503,-1.576592 2.266244,-3.138485 3.452852,-4.667605 1.204198,-1.532972 2.43046,-3.048489 3.671803,-4.551542 1.25785,-1.522423 2.525218,-3.036909 3.796136,-4.548442 1.267245,-1.502963 2.54332,-2.998464 3.811577,-4.500581 1.256925,-1.482137 2.513605,-2.964457 3.775515,-4.442359 1.253,-1.477825 2.5036,-2.957692 3.73668,-4.452226 1.22399,-1.48159 2.44401,-2.966574 3.64054,-4.470495 1.181,-1.492094 2.35248,-2.991673 3.48809,-4.518787 1.12591,-1.509405 2.24161,-3.026909 3.31132,-4.576889 1.057,-1.533251 2.10234,-3.074856 3.09184,-4.652876 0.98616,-1.56536 1.94978,-3.14529 2.84798,-4.763162 0.89246,-1.605105 1.76294,-3.223223 2.5515,-4.8824598 0.79049,-1.6669858 1.54475,-3.351626 2.21258,-5.0720357 0.66343,-1.7107774 1.27948,-3.43964096 1.81943,-5.1937382 0.53851,-1.763975 1.03399,-3.5411884 1.45196,-5.3379529 0.4102,-1.8083074 0.77452,-3.6264954 1.03751,-5.4627754 0.26423,-1.834572 0.49739,-3.673969 0.63663,-5.522856 0.13648,-1.882783 0.23822,-3.768481 0.23661,-5.656935 -0.007,-1.937597 -0.0537,-3.875574 -0.21637,-5.807252 -0.17618,-2.004563 -0.39631,-4.006807 -0.77398,-5.984957 -0.38111,-2.000374 -0.80084,-3.993843 -1.35781,-5.953897 -0.55859,-1.9807 -1.15173,-3.951984 -1.84809,-5.889347 -0.70307,-1.938198 -1.4448,-3.862237 -2.25924,-5.756752 -0.79534,-1.844746 -1.61792,-3.678166 -2.51873,-5.4743 -0.8749,-1.737561 -1.77921,-3.460459 -2.7526,-5.145294 -0.94864,-1.644944 -1.89927,-3.289887 -2.92901,-4.885928 -0.98708,-1.519867 -2.00469,-3.019261 -3.05815,-4.494043 -0.98973,-1.431115 -1.98005,-2.861778 -2.96073,-4.299127 -0.93859,-1.357215 -1.85684,-2.72813 -2.75976,-4.109337 -0.83846,-1.297662 -1.67964,-2.59357 -2.47401,-3.919013 -0.73546,-1.216385 -1.46072,-2.438612 -2.12296,-3.697002 -0.63779,-1.209225 -1.27614,-2.419604 -1.82769,-3.671411 -0.53418,-1.182598 -1.044,-2.377265 -1.46824,-3.604419 -0.41671,-1.170286 -0.80765,-2.350669 -1.1294,-3.551002 -0.29802,-1.121575 -0.54204,-2.256685 -0.71507,-3.404665 -0.16568,-1.09772 -0.28488,-2.20186 -0.34849,-3.31045 -0.0536,-1.04302 -0.0923,-2.0863 -0.0736,-3.131 0,-0.91031 0,-1.82062 0,-2.73092 0,-0.74313 0,-1.48626 0,-2.22938 0,-0.70711 -10.000001,-0.70711 -10.000001,0 z" />
  </g>
</svg>
